000000000000000000000
000000000000010111011
111111111111110001011
111111111111011101100
000000000001111000101
111111111100100111010
000000000011111010111
111111111111001001110
111111110010100100001
000001001001100110000
111110000010111110110
000010010001011111111
111110000000111100100
000001001001111001101
111111111111110001011
111110110101111011000
000010000000111100000
111101101011000111011
000010000000111011111
111110110101100011101
111111111111111111110
000001001010011100010
111101111111000011110
000010010100111000101
111101111111000011110