000000000000000000
000000000011100100
000000001001101001
000000000110001110
000000000111010001
111111111110111010
111111110110011100
000000001010110111
111110101111110111
000101010111111011
001000000110111011
000111111000011000
000100011000110101
111110111110110011
111010000110110001
110111100101001000
111000100110001001
111100101110100111
000010001101100110
000110110010000010
001000100011001000
000110110010000010
000010001101100110
111100101110100111
111000100110001001
110111100001100011
111001111101000111
111110111000100101
000100010001100011
000111111001011101
001000010000011110
000101001101000100
111111111111111110
111010110010111010
110111101111100000
111000000110100001
111011101110011011
000001000111011001
000110000010110111
001000011110011011
000111011001110100
000011010001010111
111101110010011000
111001001101111011
110111011100111000
111001001101111011
111101110010011000
000011010001010111
000111011001110100
001000011110011011
000110000010110111
000001000111011001
111011101110011011
111000000110100001
110111101111100000
111010110010111010
000000000000000000
000101001101000011
001000010000011110
000111111001011101
000100010001100011
111110111000100101
111001111101000111
110111100001100011
111000100110001001
111100101110100111
000010001101100110
000110110010000010
001000100011001000
000110110010000010
000010001101100110
111100101110100111
111000100110001001
110111100001100011
111001111101000111
111110111000100101
000100010001100011
000111111001011101
001000010000011110
000101001101000100
111111111111111110
111010110010111010
110111101111100000
111000000110100001
111011101110011011
000001000111011001
000110000010110111
001000011110011011
000111011001110100
000011010001010111
111101110010011000
111001001101111011
110111011100111000
111001001101111011
111101110010011000
000011010001010111
000111011001110100