000000000000000000000
000000000000010111011
111111111110101011010
000000000001001111100
000000000010011100111
111111110101100100100
000000010100010001100
111111100111010110010
000000000100010000010
000001101011011100000
111001111110101111011
001011110010110001100
110000001011110011001
001111111000100101000
110100010011011010001
000100010011010111010
000100010100100101100
110100001010010011000
010000001100011110110
101111110011001010001
001011110111000001001
111011101010001100000
111011101010001010101
001011110111000010011
101111110011001000111