000000000000000000000
000000000000010111011
111111111111011010000
111111111111101100001
000000000010011011001
111111111010101110101
000000000111010011101
111111111011001110111
111111110011011010011
000001010111000001111
111100111001011000110
000100001110100001001
111011101111011100101
000011001000111101001
111110110101110111110
111110110110001001101
000011001011000001000
111011101010001011011
000100010101110100100
111100110100100111110
000001001010011100001
000001001010011100100
111100110100100111100
000100010101110100111
111011101010001011001