0000000000000000
0111101110100010
0011111111111111
1010010101111110
1001000100100110
0010000100100000
0111111111111111
0010000100100000
1001000100100110
1010010101111110
0011111111111111
0111101110100010
0000000000000000
1000010001011101
1100000000000000
0101101010000001
0110111011011001
1101111011011111
1000000000000001
1101111011011111
0110111011011001
0101101010000001
1100000000000000
1000010001011101
1111111111111111
0111101110100010
0011111111111111
1010010101111110
1001000100100110
0010000100100000
0111111111111111
0010000100100000
1001000100100110
1010010101111110
0011111111111111
0111101110100010
0000000000000000
1000010001011101
1100000000000000
0101101010000001
0110111011011001
1101111011011111
1000000000000001
1101111011011111
0110111011011001
0101101010000001
1100000000000000
1000010001011101
1111111111111111
0111101110100010
0011111111111111
1010010101111110
1001000100100110
0010000100100000
0111111111111111
0010000100100000
1001000100100110
1010010101111110
0011111111111111
0111101110100010
0000000000000000
1000010001011101
1100000000000000
0101101010000001
0110111011011001
1101111011011111
1000000000000001
1101111011011111
0110111011011001
0101101010000001
1100000000000000
1000010001011101
1111111111111111
0111101110100010
0011111111111111
1010010101111110
1001000100100110
0010000100100000
0111111111111111
0010000100100000
1001000100100110
1010010101111110
0011111111111111
0111101110100010
0000000000000000
1000010001011101
1100000000000000
0101101010000001
0110111011011001
1101111011011111
1000000000000001
1101111011011111
0110111011011001
0101101010000001
1100000000000000
1000010001011101
1111111111111111