000000000000000000
000000000101101011
000000001001001111
111111110110010111
111111111100111100
111111111101111001
000000000001000100
000000101010001110
111101101011001000
001010000101011001
000100111001010010
111001000100010101
110111100000001000
000010010111111110
001001111001101110
000010100111010010
110111100011001011
111001000110011100
000100111000001110
001001011011001011
000000000000000000
110110100100110011
111011000111110000
000110111001100010
001000011100110011
111101011110010111
110110001111100010
111101011110010111
001000011100110011
000110111001100010
111011000111110000
110110100100110011
111111111111111110
001001011011001011
000100111000001110
111001000110011100
110111100011001011
000010100001100110
001001110000011110
000010100001100111
110111100011001011
111001000110011100
000100111000001110
001001011011001011
000000000000000000
110110100100110011
111011000111110000
000110111001100010
001000011100110011
111101011110010111
110110001111100010
111101011110010111
001000011100110011
000110111001100010
111011000111110000
110110100100110011
111111111111111110
001001011011001011
000100111000001110
111001000110011100
110111100011001011
000010100001100110
001001110000011110
000010100001100111
110111100011001011
111001000110011100
000100111000001110
001001011011001011
000000000000000000
110110100100110011
111011000111110000
000110111001100010
001000011100110011
111101011110010111
110110001111100010
111101011110010111
001000011100110011
000110111001100010
111011000111110000
110110100100110011
111111111111111110
001001011011001011
000100111000001110
111001000110011100
110111100011001011
000010100001100110
001001110000011110
000010100001100111
110111100011001011
111001000110011100
000100111000001110
001001011011001011
000000000000000000
110110100100110011
111011000111110000
000110111001100010
001000011100110011